2.744007	1.919497	1.806722	2.258476	2.123150	0.823146	
1.919497	3.191362	2.390472	2.448052	1.962895	1.338299	
1.806722	2.390472	2.828793	2.967253	2.101034	1.714458	
2.258476	2.448052	2.967253	3.572853	2.482527	1.624698	
2.123150	1.962895	2.101034	2.482527	2.199896	0.931872	
0.823146	1.338299	1.714458	1.624698	0.931872	1.265850	
